[gd_scene load_steps=8 format=3 uid="uid://osay08vocqxj"]

[ext_resource type="Script" uid="uid://h5txp3iga8d7" path="res://Scripts/Parts/PartArm.gd" id="1_0kfdc"]
[ext_resource type="PackedScene" uid="uid://c2bnnlfsms16q" path="res://Models/Parts/Engineer/EngineerArm.glb" id="1_ldero"]
[ext_resource type="Script" uid="uid://cfsd884pdedwm" path="res://Scripts/Parts/PaintedMesh.gd" id="3_4io5r"]
[ext_resource type="Script" uid="uid://bvrjsqrnhaa6l" path="res://Scripts/Parts/SlotRecoil.gd" id="5_16rew"]
[ext_resource type="Script" uid="uid://cp0mj2ij12w11" path="res://Scripts/Parts/PhysicalBone.gd" id="5_bqco7"]

[sub_resource type="BoxShape3D" id="BoxShape3D_47exq"]
size = Vector3(0.121643, 0.441345, 0.183899)

[sub_resource type="BoxShape3D" id="BoxShape3D_6hcgc"]
size = Vector3(0.116959, 0.678711, 0.247314)

[node name="EngineerArm" type="Node3D" node_paths=PackedStringArray("IK", "skeleton")]
script = ExtResource("1_0kfdc")
inaccuracy = 0
strength = 2
IK = NodePath("EngineerArm/Armature_001/Skeleton3D/SkeletonIK3D")
skeleton = NodePath("EngineerArm/Armature_001/Skeleton3D/PhysicalBoneSimulator3D")
front_name = "Claw Arm"
mass = 20

[node name="EngineerArm" parent="." instance=ExtResource("1_ldero")]
transform = Transform3D(1, 0, 0, 0, 1, 0, 0, 0, 1, 0.276461, -1.32204, 0)

[node name="Body_004" parent="EngineerArm/Armature_001/Skeleton3D" index="0"]
script = ExtResource("3_4io5r")
material_id = 1

[node name="SkeletonIK3D" type="SkeletonIK3D" parent="EngineerArm/Armature_001/Skeleton3D" index="1"]
root_bone = &"Arm.L"
tip_bone = &"Forearm.L.001"
use_magnet = true
magnet = Vector3(0, 0, 5)
target_node = NodePath("../../../../Target/TargetOffset")

[node name="PhysicalBoneSimulator3D" type="PhysicalBoneSimulator3D" parent="EngineerArm/Armature_001/Skeleton3D" index="2"]
influence = 0.0

[node name="Physical Bone Arm_L" type="PhysicalBone3D" parent="EngineerArm/Armature_001/Skeleton3D/PhysicalBoneSimulator3D"]
transform = Transform3D(-0.983763, -0.179471, 4.23958e-08, 7.47082e-08, -1.73284e-07, 1, -0.179471, 0.983763, 1.83879e-07, -0.366692, 1.1692, -0.00498495)
collision_layer = 4
joint_offset = Transform3D(1, 0, 0, 0, 1, 0, 0, 0, 1, 1.45505e-08, -1.6444e-08, 0.156305)
body_offset = Transform3D(1, 0, -4.54237e-08, -4.54237e-08, 3.91195e-09, -1, -2.98023e-08, 1, 3.91195e-09, -7.45058e-09, 0.156305, 1.58325e-08)
bone_name = "Arm.L"
script = ExtResource("5_bqco7")

[node name="CollisionShape3D" type="CollisionShape3D" parent="EngineerArm/Armature_001/Skeleton3D/PhysicalBoneSimulator3D/Physical Bone Arm_L"]
transform = Transform3D(0.987562, 2.63158e-08, -0.157227, 0.157227, 1.39015e-08, 0.987562, 2.81742e-08, -1, 9.57823e-09, -0.00072442, 0.00955084, 0.100128)
shape = SubResource("BoxShape3D_47exq")

[node name="Physical Bone Forearm_L" type="PhysicalBone3D" parent="EngineerArm/Armature_001/Skeleton3D/PhysicalBoneSimulator3D"]
transform = Transform3D(-0.983763, -0.179471, -3.56679e-08, -3.25851e-08, -2.01247e-08, 1, -0.179471, 0.983763, 1.39499e-08, -0.366692, 0.817011, -0.004985)
collision_layer = 4
joint_type = 1
joint_offset = Transform3D(1, 0, 0, 0, 1, 0, 0, 0, 1, -6.75246e-09, -1.11378e-09, 0.195882)
body_offset = Transform3D(1, 0, 3.44721e-08, 3.44721e-08, 9.31465e-10, -1, -2.98023e-08, 1, 9.31466e-10, 0, 0.195882, 9.31323e-10)
bone_name = "Forearm.L"
joint_constraints/bias = 0.3
joint_constraints/damping = 1.0
joint_constraints/impulse_clamp = 0.0
script = ExtResource("5_bqco7")

[node name="CollisionShape3D" type="CollisionShape3D" parent="EngineerArm/Armature_001/Skeleton3D/PhysicalBoneSimulator3D/Physical Bone Forearm_L"]
transform = Transform3D(0.993735, 2.45295e-09, -0.111747, 0.111747, -3.51522e-09, 0.993735, 2.04485e-09, -1, -3.76738e-09, -0.00139287, 0.00863502, -0.161)
shape = SubResource("BoxShape3D_6hcgc")

[node name="RestTarget" type="Marker3D" parent="."]
transform = Transform3D(1, 0, 0, 0, 0.606294, 0.795241, 0, -0.795241, 0.606294, -0.239062, -0.446616, -0.225428)

[node name="ToolTarget" type="Marker3D" parent="."]
transform = Transform3D(1, 0, 0, 0, 1, 0, 0, 0, 1, 0.0205078, -0.155225, -0.37964)

[node name="SlotHandTool" type="Marker3D" parent="ToolTarget"]
script = ExtResource("5_16rew")
slot_type = 5

[node name="Target" type="Marker3D" parent="."]
transform = Transform3D(1, 0, 0, 0, 1, 0, 0, 0, 1, -0.223059, -0.166789, -0.37964)

[node name="TargetOffset" type="Marker3D" parent="Target"]
transform = Transform3D(0.916942, 0.0463466, -0.39632, 0.399021, -0.106503, 0.910735, 0, -0.993232, -0.116151, -0.0349023, -0.039368, 0.0678776)

[editable path="EngineerArm"]
