[gd_scene load_steps=15 format=3 uid="uid://5fmcgbbmusuo"]

[ext_resource type="PackedScene" uid="uid://d2xsmxrdixuwj" path="res://Models/Parts/BetaArm.glb" id="1_0lo68"]
[ext_resource type="Script" uid="uid://h5txp3iga8d7" path="res://Scripts/Parts/PartArm.gd" id="1_ftahj"]
[ext_resource type="Shader" uid="uid://cf8i0c8es1gbi" path="res://Shaders/WearingMetal.gdshader" id="2_awvj8"]
[ext_resource type="Material" uid="uid://dl3f5cthok1pf" path="res://Textures/Materials/beta_armature.tres" id="3_d7ajm"]
[ext_resource type="Texture2D" uid="uid://ko37xf1e46nc" path="res://Textures/RoughCowPattern.png" id="3_g8h1j"]
[ext_resource type="Script" uid="uid://cfsd884pdedwm" path="res://Scripts/Parts/PaintedMesh.gd" id="4_3ssxk"]
[ext_resource type="Script" uid="uid://bvrjsqrnhaa6l" path="res://Scripts/Parts/SlotRecoil.gd" id="4_gojro"]
[ext_resource type="Script" uid="uid://cp0mj2ij12w11" path="res://Scripts/Parts/PhysicalBone.gd" id="4_mtkwt"]

[sub_resource type="FastNoiseLite" id="FastNoiseLite_hc3qj"]

[sub_resource type="NoiseTexture2D" id="NoiseTexture2D_cfai4"]
noise = SubResource("FastNoiseLite_hc3qj")

[sub_resource type="ShaderMaterial" id="ShaderMaterial_dn3h2"]
resource_local_to_scene = true
render_priority = 0
shader = ExtResource("2_awvj8")
shader_parameter/noiseTexture = SubResource("NoiseTexture2D_cfai4")
shader_parameter/wearTexture = ExtResource("3_g8h1j")
shader_parameter/mainColor = Color(0.98, 0.861093, 0.0882, 1)
shader_parameter/wearColor = Color(0.20871, 0.20871, 0.20871, 1)
shader_parameter/wear = 0.0

[sub_resource type="StandardMaterial3D" id="StandardMaterial3D_7rp1b"]

[sub_resource type="BoxShape3D" id="BoxShape3D_74e6h"]
size = Vector3(0.115906, 0.389404, 0.278885)

[sub_resource type="BoxShape3D" id="BoxShape3D_qetms"]
size = Vector3(0.140381, 0.399902, 0.207031)

[node name="BetaArm" type="Node3D" node_paths=PackedStringArray("IK", "skeleton")]
script = ExtResource("1_ftahj")
strength = 15.0
IK = NodePath("BetaArm/ArmatureArm/Skeleton3D/SkeletonIK3D")
skeleton = NodePath("BetaArm/ArmatureArm/Skeleton3D/PhysicalBoneSimulator3D")
front_name = "Standard Arm"
paint_material = SubResource("ShaderMaterial_dn3h2")
max_integrity = 50
mass = 12

[node name="BetaArm" parent="." instance=ExtResource("1_0lo68")]
transform = Transform3D(-1, 0, -8.74228e-08, 0, 1, 0, 8.74228e-08, 0, -1, 0.18186, -1.447, -0.0591932)

[node name="Skeleton3D" parent="BetaArm/ArmatureArm" index="0"]
bones/0/rotation = Quaternion(0.193399, 0.00125487, 0.981118, -0.00135872)
bones/2/rotation = Quaternion(0.0738663, 0.0292125, 0.200212, 0.976527)
bones/2/scale = Vector3(1, 1, 1)
bones/3/scale = Vector3(1, 1, 1)
bones/4/rotation = Quaternion(0.0448846, -0.0120479, 0.309527, 0.949754)
bones/5/rotation = Quaternion(-0.154091, 0.0522474, -0.638194, 0.752486)
bones/5/scale = Vector3(1, 1, 1)
bones/6/rotation = Quaternion(-0.236324, -0.107685, -0.598433, 0.757913)
bones/7/rotation = Quaternion(-0.164851, 0.0617706, -0.635908, 0.751418)
bones/7/scale = Vector3(1, 1, 1)
bones/8/rotation = Quaternion(-0.233695, -0.0925648, -0.605239, 0.755317)
bones/8/scale = Vector3(1, 1, 1)

[node name="Cube_003" parent="BetaArm/ArmatureArm/Skeleton3D" index="0"]
surface_material_override/0 = SubResource("StandardMaterial3D_7rp1b")
surface_material_override/1 = ExtResource("3_d7ajm")
script = ExtResource("4_3ssxk")

[node name="SkeletonIK3D" type="SkeletonIK3D" parent="BetaArm/ArmatureArm/Skeleton3D" index="1"]
root_bone = &"Arm_L"
tip_bone = &"Hand_L"
use_magnet = true
magnet = Vector3(0, 0, -100)
target_node = NodePath("../../../../Target/TargetOffset")

[node name="PhysicalBoneSimulator3D" type="PhysicalBoneSimulator3D" parent="BetaArm/ArmatureArm/Skeleton3D" index="2"]
influence = 0.0

[node name="Physical Bone Arm_L" type="PhysicalBone3D" parent="BetaArm/ArmatureArm/Skeleton3D/PhysicalBoneSimulator3D"]
transform = Transform3D(-0.92519, 0.379491, -0.00315612, -0.00218507, 0.00298952, 0.999993, 0.379498, 0.925191, -0.00193666, 0.318596, 1.29214, -0.0798543)
collision_layer = 4
joint_offset = Transform3D(1, 0, 0, 0, 1, 0, 0, 0, 1, -6.76699e-07, 2.52471e-07, 0.160235)
body_offset = Transform3D(1, 2.08616e-07, 4.31616e-06, 4.31598e-06, -1.62178e-06, -1, -2.08616e-07, 1, -1.62213e-06, -1.49012e-08, 0.160235, 7.45058e-09)
bone_name = "Arm_L"
script = ExtResource("4_mtkwt")

[node name="CollisionShape3D" type="CollisionShape3D" parent="BetaArm/ArmatureArm/Skeleton3D/PhysicalBoneSimulator3D/Physical Bone Arm_L"]
transform = Transform3D(0.866749, 0.00178079, 0.498737, -0.498742, 0.000689479, 0.866749, 0.0011996, -1, 0.00148575, -0.0152154, -0.0347244, 0.0603572)
shape = SubResource("BoxShape3D_74e6h")

[node name="Physical Bone ForeArm_L" type="PhysicalBone3D" parent="BetaArm/ArmatureArm/Skeleton3D/PhysicalBoneSimulator3D"]
transform = Transform3D(-0.92519, 0.379491, -0.00315697, -0.00218505, 0.00299179, 0.999993, 0.379498, 0.925191, -0.00193876, 0.319572, 0.98243, -0.0792557)
collision_layer = 4
joint_type = 1
joint_offset = Transform3D(1, 0, 0, 0, 1, 0, 0, 0, 1, -1.30204e-07, 1.76233e-06, 0.14948)
body_offset = Transform3D(1, 5.96046e-08, 4.26039e-06, 4.26057e-06, -3.914e-06, -1, 0, 1, -3.91447e-06, -5.06639e-07, 0.14948, -1.17719e-06)
bone_name = "ForeArm_L"
joint_constraints/bias = 0.3
joint_constraints/damping = 1.0
joint_constraints/impulse_clamp = 0.0
script = ExtResource("4_mtkwt")

[node name="CollisionShape3D" type="CollisionShape3D" parent="BetaArm/ArmatureArm/Skeleton3D/PhysicalBoneSimulator3D/Physical Bone ForeArm_L"]
transform = Transform3D(0.870414, 0.00175361, 0.492328, -0.492332, 0.0006864, 0.870411, 0.00118851, -1, 0.00146089, 0.000364944, -0.00292979, -0.0603033)
shape = SubResource("BoxShape3D_qetms")

[node name="RestTarget" type="Marker3D" parent="."]
transform = Transform3D(1, 0, 0, 0, 0.606294, 0.795241, 0, -0.795241, 0.606294, -0.239062, -0.446616, -0.225428)

[node name="ToolTarget" type="Marker3D" parent="."]
transform = Transform3D(1, 0, 0, 0, 1, 0, 0, 0, 1, 0.00913672, -0.0707416, -0.311506)

[node name="SlotHandTool" type="Marker3D" parent="ToolTarget"]
script = ExtResource("4_gojro")
slot_type = 5

[node name="Target" type="Marker3D" parent="."]
transform = Transform3D(1, 0, 0, 0, 1, 0, 0, 0, 1, -0.223059, -0.155225, -0.37964)

[node name="TargetOffset" type="Marker3D" parent="Target"]
transform = Transform3D(0.916942, 0.0463466, -0.39632, 0.399021, -0.106503, 0.910735, 0, -0.993232, -0.116151, -0.0349023, -0.039368, 0.0678776)

[editable path="BetaArm"]
